"Y
(m)"	初始状态	"非线性静力:INCR=1 (LOAD=0.100)
FORCE XX 
(KN/m)"	"非线性静力:INCR=2 (LOAD=0.241)
FORCE XX 
(KN/m)"	"非线性静力:INCR=3 (LOAD=0.340)
FORCE XX 
(KN/m)"	"非线性静力:INCR=4 (LOAD=0.376)
FORCE XX 
(KN/m)"	"非线性静力:INCR=5 (LOAD=0.415)
FORCE XX 
(KN/m)"	"非线性静力:INCR=6 (LOAD=0.463)
FORCE XX 
(KN/m)"	"非线性静力:INCR=7 (LOAD=0.534)
FORCE XX 
(KN/m)"	"非线性静力:INCR=8 (LOAD=0.622)
FORCE XX 
(KN/m)"	"非线性静力:INCR=9 (LOAD=0.750)
FORCE XX 
(KN/m)"	"非线性静力:INCR=10 (LOAD=0.934)
FORCE XX 
(KN/m)"	"非线性静力:INCR=11 (LOAD=1.000)
FORCE XX 
(KN/m)"	"非线性静力:INCR=12 (LOAD=0.340)
FORCE XX 
(KN/m)"	"非线性静力:INCR=13 (LOAD=0.376)
FORCE XX 
(KN/m)"	"非线性静力:INCR=14(LOAD=0.415)
FORCE XX 
(KN/m)"	"非线性静力:INCR=15 (LOAD=0.463)
FORCE XX 
(KN/m)"	"非线性静力:INCR=16 (LOAD=0.534)
FORCE XX 
(KN/m)"	"非线性静力:INCR=17 (LOAD=0.622)
FORCE XX 
(KN/m)"	"非线性静力:INCR=18(LOAD=0.750)
FORCE XX 
(KN/m)"	"非线性静力:INCR=19 (LOAD=0.934)
FORCE XX 
(KN/m)"	"非线性静力:INCR=20(LOAD=1.000)
FORCE XX 
(KN/m)"
0	2.00E+00	1.87E+00	1.74E+00	1.61E+00	1.47E+00	1.34E+00	1.20E+00	1.07E+00	9.31E-01	7.92E-01	6.53E-01	5.13E-01	3.72E-01	2.31E-01	9.01E-02	-5.13E-02	-1.93E-01	-3.34E-01	-4.75E-01	-6.15E-01	-7.51E-01
0.5	3.47E+00	3.42E+00	3.36E+00	3.30E+00	3.24E+00	3.18E+00	3.11E+00	3.05E+00	2.99E+00	2.92E+00	2.85E+00	2.79E+00	2.72E+00	2.65E+00	2.58E+00	2.51E+00	2.44E+00	2.37E+00	2.30E+00	2.23E+00	2.17E+00
1	6.16E+00	6.07E+00	5.99E+00	5.90E+00	5.82E+00	5.73E+00	5.65E+00	5.56E+00	5.48E+00	5.39E+00	5.30E+00	5.21E+00	5.12E+00	5.03E+00	4.93E+00	4.84E+00	4.75E+00	4.66E+00	4.56E+00	4.47E+00	4.38E+00
1.5	8.50E+00	8.37E+00	8.23E+00	8.10E+00	7.97E+00	7.84E+00	7.71E+00	7.58E+00	7.45E+00	7.31E+00	7.18E+00	7.05E+00	6.91E+00	6.78E+00	6.64E+00	6.51E+00	6.37E+00	6.23E+00	6.10E+00	5.96E+00	5.83E+00
2	1.07E+01	1.06E+01	1.04E+01	1.02E+01	9.99E+00	9.81E+00	9.63E+00	9.44E+00	9.26E+00	9.07E+00	8.89E+00	8.71E+00	8.52E+00	8.33E+00	8.15E+00	7.96E+00	7.77E+00	7.59E+00	7.40E+00	7.21E+00	7.03E+00
2.5	1.30E+01	1.27E+01	1.25E+01	1.22E+01	1.20E+01	1.18E+01	1.15E+01	1.13E+01	1.10E+01	1.08E+01	1.06E+01	1.03E+01	1.01E+01	9.85E+00	9.62E+00	9.38E+00	9.14E+00	8.90E+00	8.66E+00	8.42E+00	8.18E+00
3	1.52E+01	1.49E+01	1.46E+01	1.43E+01	1.40E+01	1.37E+01	1.34E+01	1.32E+01	1.29E+01	1.26E+01	1.23E+01	1.20E+01	1.17E+01	1.14E+01	1.11E+01	1.09E+01	1.06E+01	1.03E+01	9.99E+00	9.70E+00	9.40E+00
3.5	1.76E+01	1.72E+01	1.69E+01	1.65E+01	1.62E+01	1.58E+01	1.55E+01	1.51E+01	1.48E+01	1.45E+01	1.41E+01	1.38E+01	1.35E+01	1.31E+01	1.28E+01	1.25E+01	1.21E+01	1.18E+01	1.15E+01	1.11E+01	1.08E+01
4	2.00E+01	1.96E+01	1.92E+01	1.88E+01	1.84E+01	1.81E+01	1.77E+01	1.73E+01	1.69E+01	1.65E+01	1.62E+01	1.58E+01	1.54E+01	1.50E+01	1.47E+01	1.43E+01	1.39E+01	1.35E+01	1.32E+01	1.28E+01	1.24E+01
4.5	2.26E+01	2.22E+01	2.18E+01	2.13E+01	2.09E+01	2.05E+01	2.01E+01	1.97E+01	1.93E+01	1.88E+01	1.84E+01	1.80E+01	1.76E+01	1.72E+01	1.68E+01	1.64E+01	1.60E+01	1.56E+01	1.52E+01	1.48E+01	1.43E+01
5	2.54E+01	2.50E+01	2.45E+01	2.41E+01	2.36E+01	2.32E+01	2.27E+01	2.23E+01	2.19E+01	2.14E+01	2.10E+01	2.06E+01	2.01E+01	1.97E+01	1.93E+01	1.88E+01	1.84E+01	1.80E+01	1.76E+01	1.71E+01	1.67E+01
5.5	2.84E+01	2.80E+01	2.75E+01	2.70E+01	2.66E+01	2.61E+01	2.56E+01	2.52E+01	2.47E+01	2.43E+01	2.39E+01	2.34E+01	2.30E+01	2.25E+01	2.21E+01	2.17E+01	2.12E+01	2.08E+01	2.04E+01	1.99E+01	1.95E+01
6	3.16E+01	3.11E+01	3.07E+01	3.02E+01	2.97E+01	2.93E+01	2.88E+01	2.84E+01	2.79E+01	2.75E+01	2.71E+01	2.66E+01	2.62E+01	2.58E+01	2.53E+01	2.49E+01	2.45E+01	2.41E+01	2.36E+01	2.32E+01	2.31E+01
6.5	3.49E+01	3.45E+01	3.40E+01	3.36E+01	3.31E+01	3.27E+01	3.23E+01	3.18E+01	3.14E+01	3.10E+01	3.06E+01	3.02E+01	2.98E+01	2.94E+01	2.90E+01	2.86E+01	2.82E+01	2.77E+01	2.73E+01	2.69E+01	2.68E+01
7	3.83E+01	3.79E+01	3.74E+01	3.70E+01	3.66E+01	3.62E+01	3.58E+01	3.54E+01	3.51E+01	3.47E+01	3.43E+01	3.39E+01	3.36E+01	3.32E+01	3.28E+01	3.25E+01	3.21E+01	3.18E+01	3.14E+01	3.10E+01	3.04E+01
7.5	4.15E+01	4.11E+01	4.07E+01	4.03E+01	4.00E+01	3.96E+01	3.93E+01	3.90E+01	3.86E+01	3.83E+01	3.80E+01	3.77E+01	3.74E+01	3.71E+01	3.68E+01	3.65E+01	3.62E+01	3.59E+01	3.56E+01	3.52E+01	3.49E+01
8	4.40E+01	4.37E+01	4.33E+01	4.30E+01	4.27E+01	4.25E+01	4.22E+01	4.19E+01	4.17E+01	4.14E+01	4.11E+01	4.09E+01	4.07E+01	4.04E+01	4.02E+01	4.00E+01	3.97E+01	3.95E+01	3.93E+01	3.90E+01	3.88E+01
8.5	4.45E+01	4.43E+01	4.40E+01	4.38E+01	4.36E+01	4.34E+01	4.31E+01	4.30E+01	4.28E+01	4.26E+01	4.24E+01	4.22E+01	4.21E+01	4.19E+01	4.18E+01	4.16E+01	4.14E+01	4.13E+01	4.11E+01	4.10E+01	4.08E+01
9	4.27E+01	4.25E+01	4.23E+01	4.21E+01	4.19E+01	4.18E+01	4.16E+01	4.14E+01	4.13E+01	4.11E+01	4.10E+01	4.08E+01	4.07E+01	4.06E+01	4.05E+01	4.03E+01	4.02E+01	4.01E+01	4.00E+01	3.99E+01	3.98E+01
9.5	3.93E+01	3.90E+01	3.87E+01	3.84E+01	3.82E+01	3.79E+01	3.76E+01	3.74E+01	3.71E+01	3.69E+01	3.66E+01	3.64E+01	3.62E+01	3.60E+01	3.57E+01	3.55E+01	3.53E+01	3.51E+01	3.49E+01	3.47E+01	3.45E+01
10	1.86E+01	1.82E+01	1.78E+01	1.74E+01	1.71E+01	1.67E+01	1.63E+01	1.59E+01	1.56E+01	1.52E+01	1.48E+01	1.45E+01	1.41E+01	1.37E+01	1.34E+01	1.30E+01	1.26E+01	1.23E+01	1.19E+01	1.16E+01	1.12E+01
																					
																					1.81E+02
水平土压力合力	253.29 	250.11 	246.98 	243.90 	240.85 	237.84 	234.87 	231.93 	229.03 	226.16 	223.31 	220.48 	217.67 	214.87 	212.08 	209.29 	206.51 	203.73 	200.95 	198.16 	195.48 
																					
朗肯土压力合力	137.03 																				
																					
土压力合力实测值																					
	位移	0	0.016	0.036	0.054																
		303	208	190.5	158																
																					
																					
																					
																					
"Y
(m)"		"非线性静力:INCR=1 (LOAD=0.100)
FORCE YY 
(KN/m)"	"非线性静力:INCR=2 (LOAD=0.241)
FORCE YY 
(KN/m)"	"非线性静力:INCR=3 (LOAD=0.340)
FORCE YY 
(KN/m)"	"非线性静力:INCR=4 (LOAD=0.376)
FORCE YY 
(KN/m)"	"非线性静力:INCR=5 (LOAD=0.415)
FORCE YY 
(KN/m)"	"非线性静力:INCR=6 (LOAD=0.463)
FORCE YY 
(KN/m)"	"非线性静力:INCR=7 (LOAD=0.534)
FORCE YY
(KN/m)"	"非线性静力:INCR=8 (LOAD=0.622)
FORCE YY 
(KN/m)"	"非线性静力:INCR=9 (LOAD=0.750)
FORCE YY 
(KN/m)"	"非线性静力:INCR=10 (LOAD=0.934)
FORCE YY 
(KN/m)"	"非线性静力:INCR=11 (LOAD=1.000)
FORCE YY
(KN/m)"	"非线性静力:INCR=12 (LOAD=0.340)
FORCE YY 
(KN/m)"	"非线性静力:INCR=13 (LOAD=0.376)
FORCE YY 
(KN/m)"	"非线性静力:INCR=14 (LOAD=0.415)
FORCE YY 
(KN/m)"	"非线性静力:INCR=15(LOAD=0.463)
FORCE YY 
(KN/m)"	"非线性静力:INCR=16 (LOAD=0.534)
FORCE YY
(KN/m)"	"非线性静力:INCR=17 (LOAD=0.622)
FORCE YY 
(KN/m)"	"非线性静力:INCR=18 (LOAD=0.750)
FORCE YY 
(KN/m)"	"非线性静力:INCR=19 (LOAD=0.934)
FORCE YY 
(KN/m)"	"非线性静力:INCR=20 (LOAD=1.000)
FORCE YY
(KN/m)"
0	5.45E-01	6.64E-01	8.05E-01	9.57E-01	1.12E+00	1.28E+00	1.45E+00	1.62E+00	1.79E+00	1.96E+00	2.13E+00	2.31E+00	2.48E+00	2.65E+00	2.83E+00	3.00E+00	3.17E+00	3.34E+00	3.52E+00	3.69E+00	3.87E+00
0.5	9.47E-01	1.00E+00	1.08E+00	1.18E+00	1.29E+00	1.41E+00	1.55E+00	1.68E+00	1.83E+00	1.97E+00	2.12E+00	2.27E+00	2.42E+00	2.57E+00	2.73E+00	2.88E+00	3.03E+00	3.19E+00	3.35E+00	3.50E+00	3.66E+00
1	1.68E+00	1.77E+00	1.87E+00	1.99E+00	2.13E+00	2.28E+00	2.43E+00	2.60E+00	2.76E+00	2.94E+00	3.11E+00	3.29E+00	3.47E+00	3.66E+00	3.84E+00	4.02E+00	4.21E+00	4.40E+00	4.59E+00	4.78E+00	4.97E+00
1.5	2.32E+00	2.44E+00	2.58E+00	2.73E+00	2.89E+00	3.07E+00	3.25E+00	3.44E+00	3.64E+00	3.84E+00	4.04E+00	4.25E+00	4.46E+00	4.67E+00	4.88E+00	5.09E+00	5.30E+00	5.52E+00	5.74E+00	5.96E+00	6.18E+00
2	2.93E+00	3.09E+00	3.27E+00	3.46E+00	3.67E+00	3.88E+00	4.11E+00	4.34E+00	4.57E+00	4.81E+00	5.05E+00	5.30E+00	5.55E+00	5.80E+00	6.05E+00	6.30E+00	6.55E+00	6.81E+00	7.06E+00	7.32E+00	7.58E+00
2.5	3.54E+00	3.74E+00	3.96E+00	4.20E+00	4.45E+00	4.71E+00	4.97E+00	5.25E+00	5.53E+00	5.81E+00	6.10E+00	6.39E+00	6.69E+00	6.98E+00	7.28E+00	7.58E+00	7.88E+00	8.18E+00	8.48E+00	8.79E+00	9.09E+00
3	4.15E+00	4.40E+00	4.66E+00	4.94E+00	5.24E+00	5.54E+00	5.86E+00	6.18E+00	6.51E+00	6.85E+00	7.18E+00	7.53E+00	7.87E+00	8.22E+00	8.57E+00	8.92E+00	9.27E+00	9.62E+00	9.98E+00	1.03E+01	1.07E+01
3.5	4.79E+00	5.08E+00	5.38E+00	5.71E+00	6.05E+00	6.41E+00	6.77E+00	7.14E+00	7.52E+00	7.91E+00	8.30E+00	8.70E+00	9.10E+00	9.50E+00	9.91E+00	1.03E+01	1.07E+01	1.11E+01	1.15E+01	1.20E+01	1.24E+01
4	5.46E+00	5.79E+00	6.14E+00	6.51E+00	6.90E+00	7.30E+00	7.71E+00	8.14E+00	8.57E+00	9.02E+00	9.47E+00	9.92E+00	1.04E+01	1.08E+01	1.13E+01	1.18E+01	1.22E+01	1.27E+01	1.32E+01	1.37E+01	1.41E+01
4.5	6.17E+00	6.54E+00	6.93E+00	7.34E+00	7.77E+00	8.22E+00	8.69E+00	9.17E+00	9.66E+00	1.02E+01	1.07E+01	1.12E+01	1.17E+01	1.22E+01	1.28E+01	1.33E+01	1.38E+01	1.44E+01	1.49E+01	1.54E+01	1.60E+01
5	6.94E+00	7.33E+00	7.75E+00	8.21E+00	8.68E+00	9.18E+00	9.70E+00	1.02E+01	1.08E+01	1.13E+01	1.19E+01	1.25E+01	1.31E+01	1.37E+01	1.43E+01	1.49E+01	1.55E+01	1.61E+01	1.67E+01	1.73E+01	1.79E+01
5.5	7.76E+00	8.17E+00	8.62E+00	9.10E+00	9.61E+00	1.02E+01	1.07E+01	1.13E+01	1.19E+01	1.25E+01	1.32E+01	1.38E+01	1.44E+01	1.51E+01	1.58E+01	1.64E+01	1.71E+01	1.78E+01	1.85E+01	1.92E+01	1.98E+01
6	8.62E+00	9.04E+00	9.50E+00	1.00E+01	1.05E+01	1.11E+01	1.17E+01	1.24E+01	1.30E+01	1.37E+01	1.44E+01	1.51E+01	1.58E+01	1.65E+01	1.73E+01	1.80E+01	1.88E+01	1.95E+01	2.03E+01	2.10E+01	2.15E+01
6.5	9.53E+00	9.93E+00	1.04E+01	1.09E+01	1.14E+01	1.20E+01	1.27E+01	1.33E+01	1.40E+01	1.48E+01	1.55E+01	1.63E+01	1.71E+01	1.79E+01	1.87E+01	1.95E+01	2.03E+01	2.11E+01	2.20E+01	2.28E+01	2.34E+01
7	1.04E+01	1.08E+01	1.12E+01	1.17E+01	1.22E+01	1.28E+01	1.35E+01	1.42E+01	1.49E+01	1.57E+01	1.65E+01	1.73E+01	1.81E+01	1.90E+01	1.98E+01	2.07E+01	2.16E+01	2.25E+01	2.34E+01	2.44E+01	2.54E+01
7.5	1.13E+01	1.16E+01	1.19E+01	1.24E+01	1.29E+01	1.34E+01	1.40E+01	1.47E+01	1.55E+01	1.62E+01	1.71E+01	1.79E+01	1.88E+01	1.97E+01	2.06E+01	2.16E+01	2.25E+01	2.35E+01	2.45E+01	2.55E+01	2.65E+01
8	1.20E+01	1.21E+01	1.24E+01	1.27E+01	1.31E+01	1.36E+01	1.42E+01	1.48E+01	1.55E+01	1.63E+01	1.71E+01	1.80E+01	1.89E+01	1.98E+01	2.07E+01	2.17E+01	2.27E+01	2.38E+01	2.48E+01	2.58E+01	2.69E+01
8.5	1.21E+01	1.21E+01	1.21E+01	1.23E+01	1.26E+01	1.29E+01	1.34E+01	1.39E+01	1.46E+01	1.53E+01	1.60E+01	1.69E+01	1.77E+01	1.87E+01	1.96E+01	2.06E+01	2.17E+01	2.27E+01	2.38E+01	2.48E+01	2.59E+01
9	1.17E+01	1.14E+01	1.12E+01	1.12E+01	1.12E+01	1.14E+01	1.17E+01	1.21E+01	1.26E+01	1.31E+01	1.38E+01	1.46E+01	1.54E+01	1.63E+01	1.72E+01	1.81E+01	1.91E+01	2.01E+01	2.12E+01	2.22E+01	2.33E+01
9.5	1.07E+01	1.02E+01	9.84E+00	9.54E+00	9.36E+00	9.29E+00	9.36E+00	9.56E+00	9.89E+00	1.03E+01	1.09E+01	1.16E+01	1.23E+01	1.31E+01	1.40E+01	1.49E+01	1.59E+01	1.69E+01	1.79E+01	1.89E+01	1.99E+01
10	5.06E+00	4.98E+00	4.92E+00	4.91E+00	4.93E+00	4.99E+00	5.10E+00	5.24E+00	5.41E+00	5.63E+00	5.87E+00	6.15E+00	6.45E+00	6.77E+00	7.11E+00	7.47E+00	7.85E+00	8.23E+00	8.62E+00	9.02E+00	9.42E+00
																					
剪力合力	69.35 	71.09 	73.29 	75.95 	79.03 	82.53 	86.41 	90.65 	95.21 	100.07 	105.19 	110.54 	116.07 	121.77 	127.61 	133.57 	139.63 	145.77 	151.95 	158.16 	164.21 
																					
																					
FEM墙土摩擦角	6.73 	6.95 	7.21 	7.53 	7.88 	8.29 	8.74 	9.22 	9.75 	10.31 	10.91 	11.53 	12.18 	12.85 	13.54 	14.26 	14.99 	15.73 	16.49 	17.25 	18.00 
																					
																					
																					
墙土摩擦角理论计算值																					
挡墙平均位移值	0.00 	0.0019 	0.0038 	0.0058 	0.0079 	0.0101 	0.0123 	0.0147 	0.0171 	0.0196 	0.0222 	0.0249 	0.0276 	0.0304 	0.0332 	0.0360 	0.0389 	0.0418 	0.0448 	0.0478 	0.0509 
																					
δ0																					
6.75	6.75	7.63 	8.55 	9.49 	10.44 	11.39 	12.33 	13.26 	14.17 	15.05 	15.88 	16.67 	17.41 	18.09 	18.73 	19.31 	19.85 	20.34 	20.80 	21.23 	21.63 
	6.75	7.41 	8.10 	8.81 	9.54 	10.28 	11.03 	11.78 	12.54 	13.28 	14.02 	14.72 	15.41 	16.06 	16.67 	17.26 	17.81 	18.33 	18.82 	19.28 	19.72 
	6.75	7.28 	7.83 	8.41 	8.99 	9.60 	10.21 	10.84 	11.47 	12.11 	12.74 	13.37 	13.98 	14.57 	15.15 	15.70 	16.23 	16.73 	17.22 	17.69 	18.13 
																					
chang理论方法1997																					
																					
	6.75	7.17 	7.60 	8.06 	8.53 	9.01 	9.52 	10.05 	10.60 	11.16 	11.75 	12.35 	12.96 	13.58 	14.22 	14.86 	15.50 	16.16 	16.83 	17.51 	18.20 
																					
																					
																					
																					
实测墙土摩擦角																					
位移值	0	0.018	0.032	0.054																	
	36.5	40	41.5	43																	
																					
																					
																					
																					
FEM土体内摩擦角																					
φ																					
	20.90 	21.05 	21.19 	21.33 	21.48 	21.62 	21.76 	21.90 	22.04 	22.17 	22.31 	22.45 	22.59 	22.73 	22.86 	23.00 	23.14 	23.28 	23.43 	23.57 	23.71 
																					
																					
																					
																					
																					
土体内摩擦角理论计算值																					
φ0	0.00E+00	1.85E-03	3.79E-03	5.80E-03	7.89E-03	1.01E-02	1.23E-02	1.47E-02	1.71E-02	1.96E-02	2.22E-02	2.49E-02	2.76E-02	3.04E-02	3.32E-02	3.60E-02	3.89E-02	4.18E-02	4.48E-02	4.78E-02	5.09E-02
22.30 																					
19.48 																					
19.48 	22.30 	22.44 	22.58 	22.73 	22.89 	23.05 	23.21 	23.39 	23.56 	23.74 	23.92 	24.11 	24.29 	24.47 	24.65 	24.83 	25.01 	25.18 	25.36 	25.53 	25.69 
	19.48 	19.68 	19.88 	20.10 	20.32 	20.55 	20.78 	21.03 	21.28 	21.54 	21.80 	22.06 	22.33 	22.60 	22.86 	23.13 	23.39 	23.65 	23.90 	24.16 	24.41 
	19.48 	19.66 	19.84 	20.04 	20.23 	20.44 	20.65 	20.87 	21.10 	21.34 	21.57 	21.82 	22.06 	22.30 	22.55 	22.79 	23.03 	23.27 	23.51 	23.75 	23.99 
																					
XU2013																					
																					
	19.48 	20.01 	20.50 	20.97 	21.40 	21.82 	22.20 	22.57 	22.91 	23.24 	23.54 	23.82 	24.09 	24.34 	24.57 	24.78 	24.99 	25.17 	25.35 	25.52 	25.68 
